0 0.044922 0.177300 0.042969 0.063798
0 0.101074 0.204006 0.043945 0.066766
0 0.052734 0.247033 0.048828 0.066766
0 0.041992 0.317507 0.037109 0.065282
0 0.105469 0.262611 0.044922 0.062315
0 0.140625 0.287092 0.044922 0.060831
0 0.161621 0.208457 0.041992 0.066766
0 0.180176 0.149852 0.053711 0.059347
0 0.217285 0.111276 0.043945 0.065282
0 0.264160 0.095697 0.051758 0.060831
0 0.268555 0.179525 0.044922 0.059347
0 0.239258 0.221068 0.044922 0.059347
0 0.197266 0.248516 0.048828 0.066766
0 0.239258 0.287834 0.056641 0.077151
0 0.278809 0.235163 0.041992 0.060831
0 0.321777 0.207715 0.043945 0.065282
0 0.361328 0.247033 0.041016 0.063798
0 0.322754 0.269288 0.040039 0.072700
0 0.274414 0.288576 0.039062 0.069733
0 0.199219 0.316766 0.046875 0.057864
0 0.141602 0.337537 0.052734 0.048961
0 0.090820 0.324926 0.050781 0.068249
0 0.089844 0.378338 0.044922 0.056380
0 0.135254 0.387982 0.047852 0.060831
0 0.109863 0.436944 0.041992 0.057864
0 0.072266 0.428783 0.042969 0.068249
0 0.029785 0.482938 0.049805 0.066766
0 0.018066 0.424332 0.034180 0.071217
0 0.183105 0.365727 0.040039 0.060831
0 0.178711 0.410237 0.041016 0.051929
0 0.156250 0.469585 0.042969 0.057864
0 0.218750 0.420623 0.041016 0.066766
0 0.314941 0.373145 0.036133 0.063798
0 0.264160 0.376855 0.040039 0.056380
0 0.262207 0.333828 0.041992 0.047478
0 0.292480 0.451780 0.047852 0.075668
0 0.233398 0.464392 0.044922 0.065282
0 0.195312 0.482938 0.039062 0.066766
0 0.118652 0.492582 0.049805 0.056380
0 0.083496 0.517804 0.045898 0.056380
0 0.048828 0.550445 0.050781 0.053412
0 0.148926 0.538576 0.045898 0.059347
0 0.201172 0.521513 0.048828 0.045994
0 0.238770 0.497774 0.043945 0.043027
0 0.294434 0.517804 0.043945 0.056380
0 0.323242 0.480712 0.039062 0.062315
0 0.354492 0.367953 0.041016 0.068249
0 0.368164 0.416914 0.044922 0.047478
0 0.361328 0.473294 0.042969 0.059347
0 0.375000 0.525223 0.044922 0.056380
0 0.181641 0.589021 0.037109 0.059347
0 0.218750 0.606825 0.041016 0.047478
0 0.259766 0.577893 0.035156 0.057864
0 0.284668 0.548220 0.036133 0.045994
0 0.291992 0.577893 0.039062 0.060831
0 0.256836 0.630564 0.042969 0.047478
0 0.181641 0.641691 0.048828 0.057864
0 0.145020 0.586795 0.043945 0.063798
0 0.106934 0.594214 0.043945 0.063798
0 0.135742 0.644659 0.037109 0.057864
0 0.086914 0.616469 0.035156 0.057864
0 0.050293 0.617953 0.041992 0.072700
0 0.016113 0.613501 0.030273 0.051929
0 0.058594 0.678783 0.046875 0.057864
0 0.115723 0.675074 0.043945 0.056380
0 0.162598 0.709941 0.041992 0.063798
0 0.117188 0.743323 0.044922 0.062315
0 0.033203 0.693620 0.035156 0.060831
0 0.096191 0.806380 0.038086 0.060831
0 0.062988 0.768546 0.040039 0.044510
0 0.038574 0.777448 0.036133 0.056380
0 0.067383 0.839763 0.044922 0.053412
0 0.132324 0.823442 0.036133 0.056380
0 0.167969 0.855341 0.042969 0.057864
0 0.098145 0.874629 0.040039 0.057864
0 0.155762 0.754451 0.040039 0.054896
0 0.194824 0.747774 0.036133 0.053412
0 0.213867 0.701780 0.035156 0.056380
0 0.090820 0.912463 0.046875 0.050445
0 0.124023 0.946588 0.041016 0.044510
0 0.165039 0.899110 0.041016 0.044510
0 0.212891 0.911721 0.044922 0.048961
0 0.076172 0.973294 0.046875 0.053412
0 0.224121 0.857567 0.036133 0.062315
0 0.261719 0.844955 0.039062 0.057864
0 0.206543 0.788576 0.043945 0.048961
0 0.247559 0.783383 0.038086 0.050445
0 0.274902 0.767804 0.043945 0.063798
0 0.234375 0.727745 0.037109 0.057864
0 0.341797 0.828635 0.044922 0.048961
0 0.364258 0.894659 0.041016 0.053412
0 0.318848 0.844214 0.040039 0.050445
0 0.347656 0.772997 0.039062 0.053412
0 0.383789 0.742582 0.039062 0.060831
0 0.394531 0.815282 0.042969 0.045994
0 0.259766 0.676558 0.042969 0.047478
0 0.298340 0.704748 0.040039 0.050445
0 0.317383 0.652077 0.048828 0.063798
0 0.338379 0.593472 0.041992 0.062315
0 0.361816 0.661721 0.043945 0.062315
0 0.333008 0.717359 0.044922 0.054896
0 0.312012 0.749258 0.032227 0.044510
0 0.404297 0.768546 0.037109 0.041543
0 0.436523 0.797478 0.033203 0.040059
0 0.426270 0.716617 0.038086 0.044510
0 0.388184 0.677300 0.036133 0.051929
0 0.424805 0.675816 0.037109 0.045994
0 0.399902 0.635015 0.043945 0.047478
0 0.443359 0.640208 0.035156 0.054896
0 0.417480 0.604599 0.034180 0.054896
0 0.370605 0.585312 0.034180 0.051929
0 0.342773 0.539318 0.039062 0.048961
0 0.403809 0.558605 0.041992 0.048961
0 0.456543 0.578635 0.038086 0.065282
0 0.469238 0.662463 0.038086 0.025223
0 0.460449 0.714392 0.032227 0.051929
0 0.469238 0.629080 0.026367 0.050445
0 0.494629 0.555638 0.038086 0.057864
0 0.514648 0.633531 0.041016 0.044510
0 0.485840 0.594214 0.036133 0.040059
0 0.440430 0.539318 0.037109 0.048961
0 0.474121 0.496291 0.038086 0.051929
0 0.432129 0.490356 0.043945 0.054896
0 0.521484 0.502226 0.044922 0.054896
0 0.547363 0.551929 0.041992 0.050445
0 0.555176 0.594214 0.038086 0.048961
0 0.577148 0.621662 0.035156 0.035608
0 0.549805 0.664688 0.037109 0.050445
0 0.585938 0.697329 0.035156 0.059347
0 0.530762 0.743323 0.040039 0.053412
0 0.465820 0.835312 0.033203 0.047478
0 0.515137 0.836053 0.034180 0.054896
0 0.536621 0.920623 0.043945 0.057864
0 0.604004 0.916914 0.040039 0.050445
0 0.638672 0.970326 0.039062 0.053412
0 0.575684 0.790801 0.034180 0.050445
0 0.613281 0.785608 0.033203 0.054896
0 0.543457 0.786350 0.034180 0.044510
0 0.637695 0.873145 0.039062 0.051929
0 0.657227 0.810831 0.041016 0.084570
0 0.680664 0.974777 0.041016 0.050445
0 0.728027 0.954748 0.041992 0.069733
0 0.772949 0.865727 0.041992 0.072700
0 0.701660 0.724036 0.043945 0.059347
0 0.651367 0.681009 0.044922 0.074184
0 0.675293 0.732938 0.043945 0.056380
0 0.714355 0.789318 0.040039 0.050445
0 0.744141 0.703264 0.039062 0.059347
0 0.790039 0.716617 0.037109 0.062315
0 0.846680 0.747774 0.039062 0.053412
0 0.824219 0.784866 0.031250 0.038576
0 0.654785 0.613501 0.036133 0.051929
0 0.624023 0.643175 0.037109 0.057864
0 0.594238 0.600148 0.036133 0.054896
0 0.633301 0.580861 0.040039 0.051929
0 0.665039 0.556380 0.039062 0.056380
0 0.704102 0.555638 0.041016 0.054896
0 0.702637 0.628338 0.053711 0.081602
0 0.748535 0.605341 0.034180 0.059347
0 0.752441 0.640208 0.036133 0.031157
0 0.793457 0.580119 0.040039 0.065282
0 0.831543 0.590504 0.036133 0.059347
0 0.805176 0.658012 0.040039 0.063798
0 0.831543 0.674332 0.100586 0.034125
0 0.895020 0.635757 0.036133 0.054896
0 0.896484 0.680267 0.035156 0.045994
0 0.867676 0.708457 0.038086 0.045994
0 0.898438 0.780415 0.039062 0.056380
0 0.898926 0.882047 0.045898 0.054896
0 0.922363 0.922849 0.030273 0.047478
0 0.937988 0.978487 0.043945 0.043027
0 0.957520 0.954006 0.032227 0.047478
0 0.985840 0.965875 0.028320 0.056380
0 0.988770 0.913947 0.022461 0.056380
0 0.986816 0.868694 0.026367 0.045994
0 0.958008 0.882789 0.033203 0.053412
0 0.936035 0.850148 0.036133 0.059347
0 0.966309 0.789318 0.040039 0.041543
0 0.937500 0.734421 0.039062 0.056380
0 0.963867 0.696588 0.041016 0.051929
0 0.986328 0.669881 0.027344 0.069733
0 0.935059 0.642433 0.045898 0.068249
0 0.979004 0.574926 0.038086 0.063798
0 0.870605 0.540801 0.041992 0.060831
0 0.905762 0.555638 0.040039 0.051929
0 0.942871 0.526706 0.041992 0.047478
0 0.924805 0.578635 0.027344 0.050445
0 0.812988 0.526706 0.038086 0.053412
0 0.937988 0.477745 0.040039 0.059347
0 0.976562 0.484421 0.033203 0.048961
0 0.831543 0.446588 0.032227 0.056380
0 0.853516 0.477745 0.039062 0.047478
0 0.796875 0.444362 0.041016 0.051929
0 0.793945 0.486647 0.031250 0.038576
0 0.751465 0.471810 0.038086 0.065282
0 0.759766 0.511869 0.042969 0.050445
0 0.714844 0.479970 0.042969 0.051929
0 0.985352 0.408754 0.029297 0.066766
0 0.878418 0.420623 0.040039 0.057864
0 0.898926 0.398368 0.034180 0.063798
0 0.831055 0.382047 0.033203 0.069733
0 0.721191 0.428042 0.032227 0.060831
0 0.757812 0.377596 0.042969 0.066766
0 0.781738 0.387240 0.036133 0.050445
0 0.856934 0.338279 0.043945 0.059347
0 0.988770 0.515579 0.022461 0.048961
0 0.969238 0.526706 0.034180 0.047478
0 0.663574 0.505193 0.045898 0.051929
0 0.665527 0.457715 0.043945 0.045994
0 0.623047 0.495549 0.041016 0.059347
0 0.592773 0.520772 0.035156 0.053412
0 0.541016 0.453264 0.039062 0.054896
0 0.568359 0.476261 0.035156 0.053412
0 0.560059 0.509644 0.034180 0.043027
0 0.591797 0.466617 0.023438 0.051929
0 0.627441 0.442878 0.036133 0.045994
0 0.670410 0.412463 0.034180 0.050445
0 0.642578 0.398368 0.037109 0.051929
0 0.595703 0.416914 0.021484 0.047478
0 0.571289 0.424332 0.039062 0.056380
0 0.580566 0.375371 0.034180 0.056380
0 0.538574 0.364243 0.038086 0.054896
0 0.530762 0.407270 0.036133 0.045994
0 0.458008 0.395401 0.044922 0.057864
0 0.499023 0.379080 0.041016 0.057864
0 0.475586 0.428042 0.041016 0.043027
0 0.437500 0.430267 0.039062 0.053412
0 0.404297 0.436202 0.041016 0.059347
0 0.394531 0.366469 0.039062 0.074184
0 0.430664 0.342730 0.041016 0.062315
0 0.419434 0.383531 0.028320 0.040059
0 0.467285 0.334570 0.043945 0.054896
0 0.385254 0.304896 0.049805 0.054896
0 0.463379 0.281157 0.047852 0.051929
0 0.397461 0.251484 0.039062 0.057864
0 0.437500 0.227003 0.046875 0.065282
0 0.514648 0.314540 0.046875 0.062315
0 0.526367 0.262611 0.044922 0.065282
0 0.559570 0.307864 0.039062 0.066766
0 0.419434 0.275964 0.038086 0.059347
